--- 01-T1+1.1.csv ---

Unnamed: 0,Unnamed: 1,Unnamed: 2,Unnamed: 3,Unnamed: 4,Unnamed: 5,Unnamed: 6,Unnamed: 7,Unnamed: 8,Unnamed: 9,Unnamed: 10,Unnamed: 11
Monthly Fish Production Statistics   ,,,,,,,,,,,
October 2025,,,,,,,,,,,
,,,,,,,,,,,
Table 1: Fish Production (Metric tons),,,,,,,,,,,
,,,,,,,,,,,
Fishing Sub-sector,,2019,2020,2023,2024,       2024      Jan - Oct,       2025      Jan - Oct,Change in 2025 compared to 2024 (%),Percentage share (%),,
1,Off shore/Deep Sea,172910,144370,128950,143390,117910,123040,4.350776015605122,39.18596133634829,,
2,Coastal,242580,182560,164995,165040,139080,141980,2.085130859936727,45.218000573266664,,
,Total Marine,415490,326930,293945,308430,256990,265020,3.1246351998132225,84.40396190961495,,
3,Inland Capture,73230,84310,93440,87210,76085,37530,-50.67358874942498,11.952609955731074,,
4,Aquaculture,10710,10140,8085,7800,7130,5250,-26.367461430575034,1.6720277715850822,,
5,Shrimp Farms,6400,7360,11600,7320,6285,6190,-1.511535401750199,1.9714003630688877,,
,Total Inland,90340,101810,113125,102330,89500,48970,-45.28491620111732,15.596038090385045,,
,Sri Lanka ,505830,428740,407070,410760,346490,313990,-9.379780080233195,100,,
,Targets,361320,404800,482600,575200,,,,,,0.0
,Achievement,,,,,,,,,,0.0
Source: Statistics Unit of MoF,,,,,,,,,,,
,,,,,,,,,,,
,,,,,,,,,,,
Table 1.1: Fish Production by Sectors (Metric tons),,,,,,,,,,,
,Marine Fish Production,,,Inland Fish Production,,,,,,,
, Off shore, Coastal and Lagoon,Total Marine,Capture,Aquaculture ,Shrimp Farms,Total Inland,Total Catch,,,
2005,66710,63690,130400,28230,2730,1870,32830,163230,,,
2006,94620,121360,215980,29640,3170,2480,35290,251270,,,
2006,94620,121360,215980,31470,1340,2480,35290,251270,,,
2007,102560,150110,252670,30200,4600,3580,38380,291050,,,
2008,109310,165320,274630,37170,5100,2220,44490,319120,,,
Jan,7460,15680,23140,2900,40,180,3120,26260,,,
Feb,9230,14740,23970,2500,20,210,2730,26700,,,
Mar,10420,14990,25410,1980,0,140,2120,27530,,,
Apr,9460,14170,23630,2380,0,70,2450,26080,,,
May,8070,12190,20260,2510,0,80,2590,22850,,,
Jun,7320,10860,18180,2380,80,50,2510,20690,,,
Jul,7480,10930,18410,2830,360,490,3680,22090,,,
Aug,7810,13120,20930,3370,1070,680,5120,26050,,,
Sep,8720,13240,21960,3780,1560,270,5610,27570,,,
Oct,10370,14820,25190,4170,1370,20,5560,30750,,,
Nov,11460,15270,26730,4460,480,20,4960,31690,,,
Dec,11510,15310,26820,3910,120,10,4040,30860,,,
2009,112760,180410,293170,39030,3980,3550,46560,339730,,,
Jan,8120,15860,23980,3230,0,30,3260,27240,,,
Feb,8480,16250,24730,3350,0,30,3380,28110,,,
Mar,8930,17420,26350,3390,0,240,3630,29980,,,
Apr,9870,15110,24980,2630,0,510,3140,28120,,,
May,8640,13280,21920,2380,0,580,2960,24880,,,
Jun,7490,11640,19130,2350,0,430,2780,21910,,,
Jul,8430,13620,22050,3110,690,580,4380,26430,,,
Aug,9510,15730,25240,4040,1080,170,5290,30530,,,
Sep,8770,14540,23310,3530,1360,80,4970,28280,,,
Oct,10890,15840,26730,3350,300,250,3900,30630,,,
Nov,12720,15340,28060,4210,440,340,4990,33050,,,
Dec,10910,15780,26690,3460,110,310,3880,30570,,,
2010,129840,202420,332260,44380,4550,3480,52410,384670,,,
Jan,8180,16110,24290,3210,0,40,3250,27540,,,
Feb,9110,17230,26340,3270,10,40,3320,29660,,,
Mar,9940,17620,27560,3720,10,30,3760,31320,,,
Apr,9420,16560,25980,3660,10,20,3690,29670,,,
May,11380,13850,25230,2940,10,320,3270,28500,,,
Jun,10740,16380,27120,2850,20,440,3310,30430,,,
Jul,10210,15970,26180,2960,620,910,4490,30670,,,
Aug,10980,16340,27320,4010,1770,390,6170,33490,,,
Sep,11320,16710,28030,3680,1620,120,5420,33450,,,
Oct,11980,17550,29530,4290,370,100,4760,34290,,,
Nov,13370,18330,31700,5130,30,450,5610,37310,,,
Dec,13210,19770,32980,4660,80,620,5360,38340,,,
2011,162920,222350,385270,50050,5360,4150,59560,444830,,,
Jan,10190,17370,27560,3220,0,90,3310,30870,,,
Feb,11930,18780,30710,2880,0,170,3050,33760,,,
Mar,13840,19780,33620,3140,0,450,3590,37210,,,
Apr,13520,20370,33890,2950,10,180,3140,37030,,,
May,11970,18190,30160,2910,20,240,3170,33330,,,
Jun,13930,14680,28610,3480,230,810,4520,33130,,,
Jul ,11750,15270,27020,4380,1180,380,5940,32960,,,
Aug,13940,18590,32530,6070,1870,320,8260,40790,,,
Sep ,16130,19740,35870,5010,1580,540,7130,43000,,,
Oct ,15270,19960,35230,4970,210,210,5390,40620,,,
Nov,15630,19580,35210,5830,240,100,6170,41380,,,
Dec ,14820,20040,34860,5210,20,660,5890,40750,,,
2012,159680,257540,417220,58680,6960,3310,68950,486170,,,
Jan,13920,19640,33560,3810,10,120,3940,37500,,,
Feb,9630,17750,27380,3390,20,140,3550,30930,,,
Mar,14240,21150,35390,3730,30,410,4170,39560,,,
Apr,15620,21890,37510,4090,30,390,4510,42020,,,
May,12940,21380,34320,3900,20,320,4240,38560,,,
Jun,11640,19730,31370,4340,890,620,5850,37220,,,
Jul,11430,20990,32420,8150,3140,330,11620,44040,,,
Aug,10520,22940,33460,9980,2570,190,12740,46200,,,
Sep,12890,22790,35680,6530,230,410,7170,42850,,,
Oct,16670,21760,38430,4060,10,60,4130,42560,,,
Nov,14840,25880,40720,3580,0,180,3760,44480,,,
Dec,15340,21640,36980,3120,10,140,3270,40250,,,
2013,177950,267980,445930,55020,7460,4430,66910,512840,,,
Jan,16460,21980,38440,3230,30,470,3730,42170,,,
Feb,12850,19970,32820,2820,40,110,2970,35790,,,
Mar,15120,24530,39650,2790,40,230,3060,42710,,,
Apr,14760,24210,38970,2910,40,810,3760,42730,,,
May,10820,19890,30710,2840,60,280,3180,33890,,,
Jun,11660,18380,30040,3090,190,360,3640,33680,,,
Jul,14210,22620,36830,3680,1080,230,4990,41820,,,
Aug,15920,23960,39880,8140,3360,340,11840,51720,,,
Sep,16410,24230,40640,7880,1760,210,9850,50490,,,
Oct,15460,23850,39310,6060,750,180,6990,46300,,,
Nov,16790,21620,38410,5350,60,400,5810,44220,,,
Dec,17490,22740,40230,6230,50,810,7090,47320,,,
2014,180450,278850,459300,68820,1780,5150,75750,535050,,,
Jan,14250,21990,36240,5470,60,60,5590,41830,,,
Feb,14690,24700,39390,5690,50,390,6130,45520,,,
Mar,16550,25590,42140,6440,50,670,7160,49300,,,
Apr,16080,25540,41620,6480,40,450,6970,48590,,,
May,12730,20240,32970,5210,40,190,5440,38410,,,
June,11350,18040,29390,5180,30,500,5710,35100,,,
July,14460,21820,36280,4760,390,610,5760,42040,,,
Aug,14830,25240,40070,6070,140,350,6560,46630,,,
Sep,15470,26340,41810,6310,670,720,7700,49510,,,
Oct,15360,24020,39380,5860,230,160,6250,45630,,,
Nov,17020,23220,40240,5840,40,230,6110,46350,,,
Dec,17660,22110,39770,5510,40,820,6370,46140,,,
2015,183870,269020,452890,57060,3150,7090,67300,520190,,,
Jan,13930,21310,35240,3880,70,230,4180,39420,,,
Feb,15450,24410,39860,4870,50,100,5020,44880,,,
Mar,16630,26250,42880,4060,60,200,4320,47200,,,
Apr,16800,25730,42530,4130,90,60,4280,46810,,,
May,14340,22390,36730,4530,70,240,4840,41570,,,
Jun,12460,18620,31080,4380,50,610,5040,36120,,,
Jul,14280,18360,32640,4630,70,2020,6720,39360,,,
Aug,14940,20870,35810,5600,540,1170,7310,43120,,,
Sep,15390,22230,37620,6580,1680,250,8510,46130,,,
Oct,17260,22680,39940,5890,260,330,6480,46420,,,
Nov,16370,23350,39720,4990,120,340,5450,45170,,,
Dec,16020,22820,38840,3520,90,1540,5150,43990,,,
2016,182830,274160,456990,58410,9490,6030,73930,530920,,,
Jan,12910,22950,35860,3180,70,1120,4370,40230,,,
Feb,14950,24780,39730,3030,70,50,3150,42880,,,
Mar,15290,24130,39420,3000,70,20,3090,42510,,,
Apr,13630,22380,36010,3090,60,140,3290,39300,,,
May,12610,19680,32290,2870,130,390,3390,35680,,,
Jun,13700,20470,34170,3390,260,840,4490,38660,,,
Jul,15710,20180,35890,3630,710,780,5120,41010,,,
Aug,15950,22100,38050,6040,1810,300,8150,46200,,,
Sep,16340,24010,40350,10930,2880,150,13960,54310,,,
Oct,16520,24940,41460,8510,1290,230,10030,51490,,,
Nov,17950,24830,42780,6080,1260,610,7950,50730,,,
Dec ,17270,23710,40980,4660,880,1400,6940,47920,,,
2017,189720,259720,449440,68500,8740,4630,81870,531310,,,
Jan,16250,22180,38430,3110,930,590,4630,43060,,,
Feb,19450,22780,42230,3080,620,580,4280,46510,,,
Mar,18340,23030,41370,3130,700,130,3960,45330,,,
Apr,16590,22860,39450,3010,620,460,4090,43540,,,
May,13890,18130,32020,2950,790,140,3880,35900,,,
Jun,14890,19500,34390,3010,620,580,4210,38600,,,
Jul,15560,20370,35930,5430,680,500,6610,42540,,,
Aug,13020,21050,34070,7940,1020,350,9310,43380,,,
Sep,15140,22720,37860,11190,1020,420,12630,50490,,,
Oct,16040,24010,40050,10700,940,270,11910,51960,,,
Nov,15660,21920,37580,7570,400,210,8180,45760,,,
Dec,14890,21170,36060,7380,400,400,8180,44240,,,
2018,190350,249020,439370,71020,8490,8180,87690,527060,,,
Jan,17020,19710,36730,5240,230,230,5700,42430,,,
Feb,18340,19240,37580,4420,310,730,5460,43040,,,
Mar,18020,22470,40490,4180,730,1610,6520,47010,,,
Apr,19070,21050,40120,4060,600,1000,5660,45780,,,
May,14050,18330,32380,4340,580,290,5210,37590,,,
Jun,14680,18560,33240,4440,640,220,5300,38540,,,
Jul,12740,19290,32030,4940,510,270,5720,37750,,,
Aug,16780,20980,37760,6690,1330,380,8400,46160,,,
Sep,15030,23400,38430,7390,900,680,8970,47400,,,
Oct,15810,22860,38670,9710,1440,880,12030,50700,,,
Nov,15250,22340,37590,7930,580,860,9370,46960,,,
Dec,13560,20790,34350,7680,640,1030,9350,43700,,,
2019,172910,242580,415490,73230,10710,6400,90340,505830,,,
Jan,13780,19260,33040,6000,580,470,7050,40090,,,
Feb,17100,21440,38540,5670,600,670,6940,45480,,,
Mar,18890,21760,40650,5530,600,670,6800,47450,,,
Apr,16070,19300,35370,5680,570,570,6820,42190,,,
May,13760,19420,33180,5680,520,730,6930,40110,,,
Jun,14090,18070,32160,5710,780,500,6990,39150,,,
Jul,13010,19570,32580,6130,890,830,7850,40430,,,
Aug,12220,20730,32950,6520,1480,570,8570,41520,,,
Sep,13260,20600,33860,7390,1520,270,9180,43040,,,
Oct,14110,21550,35660,7540,1760,290,9590,45250,,,
Nov,13870,20160,34030,5870,750,310,6930,40960,,,
Dec,12750,20720,33470,5510,660,520,6690,40160,,,
2020,144370,182560,326930,84310,10140,7360,101810,428740,,,
Jan,15500,19730,35230,4520,410,525,5455,40685,,,
Feb,13830,23370,37200,5480,425,250,6155,43355,,,
Mar,13820,16490,30310,5205,500,480,6185,36495,,,
Apr,9170,12790,21960,5630,375,530,6535,28495,,,
May,8970,10080,19050,6380,470,445,7295,26345,,,
Jun,9790,10360,20150,7875,695,630,9200,29350,,,
Jul,11900,16310,28210,7290,1265,715,9270,37480,,,
Aug,12860,17300,30160,8080,2230,815,11125,41285,,,
Sep,11930,16920,28850,8350,1810,330,10490,39340,,,
Oct,11590,15020,26610,9345,735,550,10630,37240,,,
Nov,10840,12660,23500,8815,655,1040,10510,34010,,,
Dec,14170,11530,25700,7340,570,1050,8960,34660,,,
2021,153415,178260,331675,80720,9105,14410,104235,435910,,,
Jan,13335,14080,27415,6530,350,880,7760,35175,,,
Feb,10730,17710,28440,6545,305,690,7540,35980,,,
Mar,14580,16900,31480,6560,310,430,7300,38780,,,
Apr,15910,12710,28620,6680,330,705,7715,36335,,,
May,11410,12950,24360,6670,380,1040,8090,32450,,,
Jun,11010,13100,24110,6705,600,1670,8975,33085,,,
Jul,12190,13640,25830,6760,590,1720,9070,34900,,,
Aug,13770,13280,27050,7010,845,2540,10395,37445,,,
Sep,12380,15230,27610,7180,890,1745,9815,37425,,,
Oct,12740,16540,29280,7685,1655,800,10140,39420,,,
Nov,11950,15260,27210,6730,1820,700,9250,36460,,,
Dec,13410,16860,30270,5665,1030,1490,8185,38455,,,
2022,131170,149440,280610,94860,7680,14080,116620,397230,,,
Jan,11020,18810,29830,5300,185,1555,7040,36870,,,
Feb,10420,18010,28430,5215,265,790,6270,34700,,,
Mar,12360,16130,28490,5965,345,885,7195,35685,,,
Apr,13710,13360,27070,6530,200,1280,8010,35080,,,
May,10640,10800,21440,7140,285,1760,9185,30625,,,
Jun,9830,6890,16720,8175,530,1650,10355,27075,,,
Jul,8270,6550,14820,8905,1060,1675,11640,26460,,,
Aug,9160,7760,16920,9960,1995,1250,13205,30125,,,
Sep,10670,11210,21880,10220,1035,885,12140,34020,,,
Oct,11040,13100,24140,9820,585,630,11035,35175,,,
Nov,12520,14220,26740,9645,655,580,10880,37620,,,
Dec,11530,12600,24130,7985,540,1140,9665,33795,,,
2023,128950,164995,293945,93440,8085,11600,113125,407070,,,
Jan,11220,14170,25390,6710,475,860,8045,33435,,,
Feb,11610,14670,26280,6530,495,910,7935,34215,,,
Mar,12490,14710,27200,6460,460,1070,7990,35190,,,
Apr,11900,12990,24890,5880,390,1180,7450,32340,,,
May,8360,13520,21880,6330,410,1450,8190,30070,,,
Jun,8320,10780,19100,6565,550,935,8050,27150,,,
Jul,10220,10730,20950,7280,860,990,9130,30080,,,
Aug,11510,12060,23570,9600,2160,550,12310,35880,,,
Sep,10240,13570,23810,10055,1055,610,11720,35530,,,
Oct,10640,16345,26985,9965,570,755,11290,38275,,,
Nov,11260,16720,27980,9125,295,1120,10540,38520,,,
Dec,11180,14730,25910,8940,365,1170,10475,36385,,,
2024,143390,165040,308430,87210,7800,7320,102330,410760,,,
Jan,10140,15270,25410,12750,280,680,13710,39120,,,
Feb,11010,16380,27390,6550,230,480,7260,34650,,,
Mar,12570,14290,26860,6890,400,560,7850,34710,,,
Apr,11410,13430,24840,7080,355,640,8075,32915,,,
May,11100,10380,21480,7015,500,515,8030,29510,,,
Jun,12050,12880,24930,6935,715,780,8430,33360,,,
Jul,12010,13410,25420,7635,1380,725,9740,35160,,,
Aug,12560,13670,26230,8135,1135,905,10175,36405,,,
Sep,12480,14380,26860,7385,1565,450,9400,36260,,,
Oct,12580,14990,27570,5710,570,550,6830,34400,,,
Nov,13040,12280,25320,6115,340,465,6920,32240,,,
Dec,12440,13680,26120,5010,330,570,5910,32030,,,
2025,123040,141980,265020,37530,5250,6190,48970,313990,,,
Jan†,13920,15390,29310,3775,245,470,4490,33800,,,
Feb†,14520,17230,31750,3325,235,265,3825,35575,,,
Mar†,13885,16380,30265,3520,285,280,4085,34350,,,
Apr†,11790,13640,25430,4890,240,480,5610,31040,,,
May†,9090,11820,20910,3890,290,790,4970,25880,,,
Jun†,9150,11990,21140,4265,360,785,5410,26550,,,
Jul†,11230,13670,24900,3970,530,700,5200,30100,,,
Aug†,12860,14260,27120,3405,895,1160,5460,32580,,,
Sep†,12640,14070,26710,3290,1570,620,5480,32190,,,
Oct*,13955,13530,27485,3200,600,640,4440,31925,,,
"Source: Statistics Division of Ministry of Fisheries, Aquatic and Ocean Resources",,,,,,,,,,,
Estimated based on the summaries and detailed reports provided by the FIs/ EOs ,,,,,,,,,,,
† Revised,,,,,,,,,,,
* Provisional,,,,,,,,,,,
